1       1.648721 
2       2.718282 
3       4.481689 
4       7.389056 
5       12.182494 
6       20.085537 
7       33.115452 
8       54.59815 
9       90.017131 
10      148.413159 
11      244.691932 
12      403.428793 
13      665.141633 
14      1096.633158 
15      1808.042414 
16      2980.957987 
17      4914.76884 
18      8103.083928 
19      13359.72683 
20      22026.465795 
21      36315.502674 
22      59874.141715 
23      98715.771011 
24      162754.791419 
25      268337.286521 

1       7 
2       53 
3       171 
4       397 
5       767 
6       1317 
7       2083 
8       3101 
9       4407 
10      6037 
11      8027 
12      10413 
13      13231 
14      16517 
15      20307 
16      24637 
17      29543 
18      35061 
19      41227 
20      48077 
21      55647 
22      63973 
23      73091 
24      83037 
25      93847 

