A             0.553827   0.364061  -0.544944   1.106535   4.745045   2.271053   5.861045   3.700197   6.948876   2.147633   9.943048   0.867037  12.027335   3.717769  10.993158  -1.638562   9.549678  -1.254889  -0.574007  -1.125937
AA            0.358431   0.228161  -0.390692   0.769032   3.192592   1.472829   4.049608   1.967899   4.729571   1.490477   6.806990   0.688286   7.654890   1.940563   7.591528  -1.117912   6.677009  -0.895739  -0.239378  -0.648007
AB            0.685000   0.508219   0.184449   1.307215   4.693847   1.962029   5.850104   3.553090   6.756681   1.756248  10.123850   0.760149  11.891091   4.073103  10.923787  -1.871245   9.275585  -1.056848  -0.277247  -1.192158
B             0.325594  -0.252166  -0.419305   0.395069   2.412388   1.222343   2.998013   1.952434   3.730044   1.258174   5.208457   0.596298   6.487151   1.545924   5.806024  -1.157085   5.397787  -0.516026  -0.182004  -0.492808
BA            0.213037   0.041171   0.020689   0.328177   1.659919   0.815244   2.088819   2.018650   2.636598   0.944106   3.762336   0.441621   5.246076   1.708716   4.276118  -0.840996   3.805076  -0.527465  -0.090173  -0.421605
BB            1.706656   0.062916  -0.031670   1.686779   7.304088   3.869379   8.495708   3.350387  10.332717   2.835590  15.271732   1.565912  16.446975   3.954381  16.278954  -2.827518  14.758212  -1.580659   0.057119  -1.603489
BC            1.022301   0.366700  -0.559768   2.077156   7.933731   3.894035  10.105818   4.774245  11.560454   2.924327  16.583222   1.602626  19.072115   4.561889  18.021273  -3.972972  16.689812  -1.799277  -0.461383  -1.696507
C             0.968323   0.151480   0.605488   0.697974   3.200538   1.837348   4.215929   2.989307   5.387098   1.611865   7.849596   0.947276   9.667462   2.629989   8.853765  -1.921046   7.930196  -1.106286   0.151072  -0.988668
CA            0.256862   0.000003   0.118673   0.170324   1.045117   0.573613   1.453676   0.775568   1.808602   0.634456   2.577030   0.274656   3.009985   0.609953   2.960700  -0.689336   2.583714  -0.335385   0.028539  -0.296996
CB            0.788910   0.167086   0.479387   0.632387   2.641556   1.319207   3.414374   3.274596   4.223993   1.445346   5.947183   0.622696   8.410836   2.851709   6.857642  -1.501583   6.242312  -0.878338   0.157797  -0.754603
CC            0.356508   0.236082  -0.446278   0.818810   3.300301   1.596254   4.145640   1.930502   4.915384   1.505467   7.144093   0.702787   7.744960   1.812037   7.915758  -1.139219   7.002881  -0.962889  -0.204506  -0.627070
D             0.432627   0.010471  -1.033648   1.186918   5.498679   2.477385   6.661857   4.825254   8.072170   2.713992  11.480314   1.215557  14.534282   4.726643  12.684348  -2.134018  11.158855  -1.454266  -1.258363  -1.520022
DA            0.985874  -0.105265   0.488085   0.953919   3.620614   1.997444   4.450541   3.831257   5.778336   1.588301   7.910423   0.944105  10.982040   3.229053   9.452485  -2.033159   8.504312  -0.756813   0.094488  -1.048501
DB            2.998076   0.406624   1.446107   1.784090   9.194814   4.586658  10.567717   6.192559  13.373580   3.879791  18.482542   2.708301  22.230361   6.271986  20.588655  -3.794505  18.074469  -1.605870   1.421366  -1.848048
DC            0.381265   0.090341   0.038494   0.239417   1.004299   0.463300   1.335906   0.706484   1.599522   0.559411   2.271864   0.247373   2.725908   0.537387   2.679497  -0.501994   2.373411  -0.238797   0.055462  -0.274852
E             0.635119   0.539903  -0.279321   1.099185   6.007935   2.581861   6.963943   2.497057   8.067957   2.320866  11.632511   1.390456  12.567712   3.105302  12.939970  -2.335563  11.724361  -1.156809  -0.610282  -1.400667
EA            1.851543   0.794919   1.076113   2.394140   7.562087   4.053092   9.786719   4.387059  11.108537   2.988949  17.041039   1.457442  17.922109   4.638441  18.316762  -3.508559  15.816724  -2.228675   0.862396  -1.561516
EB            1.162351   0.721172  -0.596175   2.827464   9.323231   4.220358  11.059362   7.520851  13.220087   3.593858  20.169571   1.480306  23.711776   7.771365  21.597402  -3.704947  18.268454  -2.153973  -1.079299  -2.343506
EC            2.851651   0.978310   1.682332   2.501042   9.373164   3.975934  11.689279   6.329340  13.975683   3.480164  20.333164   1.917959  23.376849   7.514776  22.130995  -4.071547  19.016634  -2.168881   0.828470  -2.356764
F             3.646066   0.251572   2.081214   2.518362   9.868481   4.863774  11.446669   4.671704  15.341088   4.651152  21.801612   2.487552  23.271843   4.978935  23.300681  -4.636365  20.803383  -2.261118   1.847331  -2.173698
FA            0.831930  -0.001456  -0.258509   1.111949   4.844111   2.539987   6.071629   5.098394   7.740609   2.067877  10.500533   1.200690  14.477598   4.388862  12.457977  -2.411239  10.801407  -1.002238  -0.618431  -1.432574
FB            2.826632   0.380622   1.186214   1.693485   8.945704   4.512994  10.196646   6.119208  12.805881   3.710174  17.586436   2.538709  21.396591   6.282925  19.818349  -3.508424  17.313495  -1.518133   1.174046  -1.814519
FC            0.617007   0.092623   0.121779   0.389251   1.503969   0.709620   2.013220   1.021935   2.332557   0.858673   3.356638   0.370019   4.051223   0.765981   3.963242  -0.738996   3.519630  -0.386871   0.149115  -0.400264
G             0.315476   0.366097  -0.526168   0.696616   4.246229   1.727781   4.562971   1.853515   5.510715   1.629875   8.072400   0.875299   8.744347   2.205060   8.909811  -1.611176   7.844568  -0.926855  -0.675067  -0.989738
GA            0.645720   0.126619   0.510774   0.529513   2.344996   1.083533   3.148024   1.265695   3.423298   1.061043   5.211797   0.549534   5.584952   1.425395   5.911598  -0.998917   5.136702  -0.664295   0.406424  -0.475824
GB            0.131214  -0.023974  -0.157444   0.360646   1.500843   0.659258   1.930789   1.035900   2.174678   0.843811   3.345064   0.357788   3.879807   0.857065   3.888630  -0.743657   3.304004  -0.429042  -0.179217  -0.368644
GC            1.381611   0.724046   0.816579   2.182607   7.021389   3.861538   8.726870   4.147800  10.124492   2.631024  15.526458   1.353252  16.332856   4.191765  16.759728  -3.211745  14.369942  -1.949244   0.452321  -1.500959
H             2.141331   0.980237   1.454930   2.523856   8.091749   4.143205   9.987542   4.883632  11.902783   3.029033  17.506404   1.315053  19.316192   5.390581  19.192830  -3.485196  16.490781  -2.380963   0.790239  -1.880533
HA            0.194497  -0.014143   0.128764   0.208924   0.895363   0.427086   1.134883   0.508464   1.283588   0.407074   2.002767   0.167446   2.208147   0.538661   2.230153  -0.324855   1.936263  -0.224842   0.117423  -0.169203
HB            0.290149  -0.047818  -1.033975   1.245628   5.842032   3.114600   7.268082   4.828238   8.555954   2.821649  12.660654   1.514304  15.397232   5.024518  13.736877  -2.463762  11.839289  -1.577822  -0.683640  -1.160561
HC            0.457866   0.006720   0.292942   0.313407   1.213820   0.538238   1.553412   0.683998   1.767637   0.592626   2.757606   0.263463   2.948010   0.548214   3.048491  -0.514185   2.673189  -0.333879   0.381921  -0.180622
I             0.518727  -0.023315  -0.771390   1.177406   4.806929   2.323751   6.058069   3.562714   7.422308   2.366535  10.339973   0.948187  12.621717   3.723386  11.614390  -2.124822  10.098234  -1.261521  -0.999338  -1.375188
IA            0.784585   0.570908   0.001703   1.621479   5.740955   2.468148   6.805472   3.428029   8.099728   2.034277  12.251389   1.084488  13.678988   4.013578  13.115864  -2.264469  11.343083  -1.366754  -0.446317  -1.421384
IB            2.266025   0.431515   0.491927   0.936696   4.489268   2.150332   5.877393   4.262739   6.937917   2.059393  10.434432   1.129733  13.829930   3.992863  12.068250  -2.368126  10.394307  -1.257154   1.114035  -0.921419
IC           -0.030169   0.026876  -0.092354   0.104513   0.763291   0.436853   0.936900   0.758283   1.190776   0.427952   1.716056   0.157580   2.234407   0.651526   1.941430  -0.461435   1.698217  -0.292238  -0.180818  -0.213220
J             2.758109   0.332190   0.585933   1.076743   6.059044   3.243712   8.219360   6.753757   9.565354   3.477340  14.697148   1.541935  20.209366   6.266940  16.857651  -3.514642  14.859533  -1.960988   1.140217  -1.417039
JA            0.726892   0.623165  -0.675753   2.379000   7.669896   3.560988   9.400900   4.844686  11.553828   3.149375  16.876163   1.141333  18.911986   5.409658  18.516116  -3.510226  16.047745  -1.789074  -1.104343  -1.991109
JB            2.336772   0.830287   0.253174   1.732633  10.423540   4.486997  12.383410   4.458649  14.812740   4.159339  21.523716   2.211866  23.182378   4.957598  23.920076  -3.832903  21.264241  -1.762849  -0.043082  -2.442436
JC            0.880919   0.405416  -0.361944   1.403653   6.265349   3.245348   7.816726   5.272577   9.174611   2.572119  13.470447   1.490260  16.949736   5.118204  14.967934  -3.522798  13.718662  -1.464047  -0.512861  -1.523955
K             0.689897   0.014128   0.514625   0.480786   1.988888   0.830322   2.657914   1.682197   2.946876   0.942906   4.584840   0.460105   5.476270   1.659599   5.197954  -0.823452   4.474198  -0.529204   0.507320  -0.375243
KA            0.835865   0.222957  -0.398022   1.200353   5.361995   2.829128   6.934837   4.405638   7.846541   2.422733  11.336215   1.328373  14.301542   4.336171  12.469593  -2.503295  11.334737  -1.503886  -0.591449  -1.390574
KB            1.779810   0.060388   0.000930   1.712906   7.463919   3.952040   8.691220   3.437959  10.551039   2.897886  15.614390   1.593271  16.816543   4.072060  16.662139  -2.892153  15.085174  -1.604176   0.099257  -1.633089
KC            0.175556  -0.028011  -0.172290   0.311413   1.291248   0.624400   1.637805   0.767357   2.046791   0.716195   2.922550   0.312905   3.369091   0.666392   3.419672  -0.692206   2.978606  -0.372646  -0.042316  -0.256056
L            -0.006698  -0.092210  -0.715426   0.506649   2.388666   1.121837   2.821985   1.368087   3.488056   1.091536   5.185797   0.366485   5.862292   0.977878   5.646367  -1.186553   5.109554  -0.669248  -0.620252  -0.585082
LA            0.453505   0.564979  -0.941153   1.157666   6.690267   3.197262   7.932487   2.842589   9.611860   3.027748  13.667854   1.488136  14.288640   2.946874  15.088749  -2.532450  13.428169  -1.229165  -0.884406  -1.444036
LB            1.862911   0.614653   0.626258   2.766119   9.849999   4.951912  11.656508   6.426597  14.310586   3.607792  21.335934   1.892498  23.696612   6.800868  22.755314  -4.315754  19.878072  -2.868920   0.208722  -2.170298
LC            1.769615   0.407583   1.246585   1.080447   4.229570   1.885677   5.237040   2.407120   5.990950   1.809269   8.916635   0.862638   9.823557   2.572050  10.162891  -1.628678   8.790029  -1.316733   1.160930  -0.836228
M             0.266641   0.147434   0.068577   0.350869   1.825952   0.937295   2.414761   2.047773   2.878099   1.057167   4.137940   0.446267   5.684884   1.889480   4.833253  -0.994878   4.271415  -0.606215   0.021513  -0.410347
MA            0.245545   0.031471  -0.186614   0.285999   1.445297   0.794596   1.884393   0.729891   2.385384   0.778618   3.437423   0.355293   3.779038   0.617228   3.967338  -0.733208   3.432335  -0.323147  -0.094049  -0.347549
MB            0.217415   0.011127  -1.161816   1.289801   5.771841   3.101136   7.255972   5.054782   8.482027   2.775576  12.520723   1.512207  15.515908   5.282319  13.621335  -2.475777  11.736515  -1.532625  -0.791546  -1.160920
MC            2.701075   0.380410   1.354636   1.663548   8.404568   4.154136   9.802233   5.699811  12.238783   3.570877  16.944035   2.449524  20.331154   5.714027  18.890633  -3.405373  16.579764  -1.487316   1.142486  -1.800414
N             1.107704   0.142863   0.124146   0.566075   2.758201   1.282438   3.567904   2.242365   4.514131   1.637839   6.522527   0.501761   7.812366   1.968683   7.377606  -1.276504   6.393436  -0.958826   0.357959  -0.645794
NAA           0.117459   0.137662  -0.074352   0.337290   1.699851   0.893325   2.136469   1.607558   2.646699   0.895251   3.863604   0.386825   4.923944   1.374064   4.535131  -0.979135   3.940221  -0.588288  -0.186451  -0.435558
NB            0.029656   0.211228  -0.976331   0.888596   3.903750   1.940339   4.916506   3.531031   5.694730   1.748895   8.233438   0.787475  10.732045   3.428308   8.893319  -1.793888   8.226022  -0.974120  -1.065730  -1.031444
NC            2.304664   0.439932   0.565507   0.953174   4.385973   2.148933   5.776063   4.306962   6.752152   2.016244  10.197067   1.129589  13.683263   4.090923  11.866370  -2.407411  10.178970  -1.187556   1.165978  -0.907503
O             0.847627   1.276184  -1.335838   3.507293  11.337934   4.938105  13.331973   8.198582  16.172511   4.588038  23.996405   1.785020  27.813027   8.482832  25.841247  -4.778589  22.218711  -2.619601  -1.582371  -2.639865
OA            0.306458   0.048703   0.187596   0.248597   1.259817   0.577154   1.623828   1.014887   2.042384   0.733432   2.887563   0.332059   3.523123   0.789983   3.358453  -0.720112   2.971169  -0.485093  -0.025280  -0.398851
OB            0.122408   0.080064  -0.050166   0.230940   1.401216   0.709824   1.737623   1.349607   2.302865   0.720626   3.273835   0.399173   4.215558   1.211752   3.735650  -0.845011   3.382856  -0.449992  -0.093592  -0.335502
OC            0.642350   0.146609   0.209493   0.360332   2.247391   1.228309   2.915542   2.291929   3.521727   1.201104   5.063394   0.570464   6.671097   2.050268   5.815461  -1.198341   5.232589  -0.698679   0.075654  -0.609516
P             0.651099   0.277128  -0.376394   1.107442   4.817218   2.284156   5.981278   3.960030   6.986136   2.246628  10.079566   0.828379  12.515952   3.984379  11.042763  -1.691814   9.752884  -1.266055  -0.583677  -1.225567
PA            0.532676   0.375062  -0.736983   1.529666   6.328054   3.233981   7.901351   5.501992   9.377116   2.796634  13.473816   1.334576  17.094292   5.614605  14.518939  -2.885738  13.035024  -1.729307  -1.283435  -1.803082
PB            0.642445   0.262067  -0.588459   1.849782   6.852580   3.329187   8.669686   4.287914   9.778628   2.615440  14.004909   1.437090  16.505452   4.333292  15.350624  -3.291133  13.979127  -1.617405  -0.655366  -1.510788
PC            0.234840   0.096319  -0.087972   0.476876   2.288149   1.311937   2.928097   1.979925   3.653853   1.238959   5.417883   0.490419   6.720111   1.660780   6.082282  -1.219387   5.262374  -0.782055  -0.215138  -0.600673
Q             0.468284   0.108727   0.094901   0.239322   1.217959   0.587202   1.691450   1.072036   1.939101   0.684071   2.857467   0.265450   3.529194   0.845786   3.285943  -0.617828   2.914820  -0.309277   0.116632  -0.322934
QA            0.068837   0.068846  -0.085137   0.230820   1.217562   0.660021   1.642959   1.343051   1.924552   0.687143   2.798998   0.308037   3.792975   1.220585   3.205908  -0.636733   2.896633  -0.377262  -0.119103  -0.288817
QB            1.776457   0.344921   0.041182   0.703981   4.141902   1.945251   5.271456   4.085832   6.292474   2.050216   9.480205   0.919471  12.857917   3.925618  11.237535  -2.299592   9.545398  -1.332784   0.370121  -1.066991
QC            3.311328   0.363186   1.603255   2.025846   9.933747   5.004035  11.310540   6.652857  14.228254   4.062867  19.841937   2.932455  23.781637   6.747187  21.987070  -4.214353  19.371555  -1.802046   1.441993  -2.085938
R            -0.069668  -0.093180  -0.650782   0.491160   2.094984   1.005853   2.485961   1.213455   3.046496   0.939140   4.550862   0.324730   5.188784   0.887391   4.948873  -1.031203   4.480397  -0.583188  -0.605513  -0.526548
RA            0.685081   0.546954  -0.316641   1.096882   6.540843   2.986110   7.591325   2.878243   9.066344   2.810419  12.970627   1.350080  13.962891   3.281728  14.207987  -2.804928  12.617059  -1.324409  -0.236858  -1.243227
RB            0.804786   0.284982  -0.205669   1.108576   5.171749   2.484223   6.351731   4.480187   7.561234   2.201993  10.619709   1.118765  13.925137   4.393174  11.701930  -2.372278  10.639883  -1.573048  -0.443677  -1.292789
RC            0.955722   0.348888  -0.202067   1.319317   6.051476   3.044128   7.543625   5.351720   8.815069   2.402392  12.801596   1.358297  16.604163   5.304349  14.182196  -3.378167  12.945092  -1.428413  -0.208391  -1.345610
S             0.560346   0.298567  -0.246171   0.798422   3.613040   2.133644   4.451445   2.639759   5.464451   1.685799   8.298069   0.895486   9.580150   2.676732   9.342041  -1.841535   8.093391  -1.185127  -0.398541  -0.990397
SA            1.223729   0.027920   0.360280   0.800510   4.593251   2.124128   5.966003   4.755369   7.392550   2.619051  10.443325   1.282430  14.368410   4.387331  11.913449  -2.033487  10.695023  -1.495140   0.549966  -0.936606
SB           -0.078980   0.424053  -1.181746   0.841429   4.099301   1.852254   4.931658   2.365637   5.634082   1.928683   8.226179   0.649675   9.557153   2.431318   8.970919  -1.639166   8.121790  -0.716556  -0.999679  -0.891135
SC            0.999630   0.046911   0.448709   0.480878   3.177419   1.079356   3.982859   2.227077   4.842568   1.664475   7.077100   0.611424   8.575335   1.546751   7.894687  -1.495001   7.204833  -1.002199   0.453899  -0.696365
T             2.249257   0.167425  -0.033309   2.578470  10.217620   5.088552  11.599402   3.784535  14.281906   4.210817  21.302883   2.063410  21.555999   4.325108  22.278979  -4.109140  20.174492  -1.920482  -0.182896  -2.362117
TA            2.103259   0.839428   1.238437   2.719918   8.296132   4.419034  10.680753   4.704877  12.111157   3.369406  18.674989   1.587761  19.583139   4.938783  20.077928  -3.844301  17.354308  -2.438380   0.989073  -1.723050
TB            0.065841   0.054694  -0.112269   0.263823   1.517115   0.748450   1.852373   1.381143   2.313504   0.719223   3.408797   0.322448   4.248814   1.200467   3.906436  -0.895145   3.473997  -0.477680  -0.167377  -0.354964
TC            0.344578  -0.026630  -0.121546   0.416338   1.834993   0.937234   2.272713   1.115364   2.823366   1.009737   4.084413   0.451902   4.803163   0.990483   4.875118  -1.011528   4.198654  -0.538310  -0.033152  -0.412388
U             0.421199   0.159118   0.228234   0.477158   2.317959   1.051371   2.918424   1.347593   3.604226   1.108396   5.252702   0.594431   5.968960   1.091937   6.091405  -1.300322   5.305040  -0.700902   0.009018  -0.603110
UA            0.635360   0.099417   0.359602   0.288626   2.048434   1.188823   2.869748   2.201288   3.501134   1.123895   5.130310   0.501952   6.586612   1.906212   5.610107  -1.175307   5.082924  -0.690439   0.251345  -0.527542
UB            0.856283  -0.065564   0.028165   1.201437   4.802956   2.664202   6.664787   4.762685   7.848255   2.383671  10.627419   1.546004  13.990557   3.808740  12.717071  -2.602630  10.998408  -1.218799   0.062872  -1.079828
UC            0.315251   0.134954   0.120375   0.308767   1.283228   0.631593   1.660159   1.101242   2.077679   0.682432   3.050920   0.346778   3.745211   0.963305   3.518594  -0.760300   3.021461  -0.494856   0.011922  -0.362832
V             0.767540  -0.009563   0.228764   0.532980   2.700643   1.321552   3.814589   2.423219   4.400621   1.162947   5.848906   0.890729   8.091350   2.247322   7.377655  -1.467895   6.445760  -0.692031  -0.053918  -0.837728
VA            0.608116  -0.160204   0.040660   0.582448   2.808957   1.304886   3.659568   2.638669   4.501065   1.498991   6.449499   0.621358   8.398173   2.506477   7.226841  -1.317615   6.443347  -1.009483   0.178436  -0.573616
VB            2.624533   0.492065   0.633969   1.073712   5.113449   2.519142   6.664385   4.941176   7.814784   2.316369  11.912491   1.341763  15.887967   4.683280  13.736161  -2.752557  11.789697  -1.395716   1.320851  -1.052664
VC            1.019532   0.071684  -0.190340   1.077425   4.865595   2.497526   5.820762   3.779009   7.424020   2.564593  10.357409   0.849588  12.972702   3.171231  11.816223  -2.067238  10.941659  -1.460532  -0.177782  -1.192189
W             0.602559  -0.003295   0.474305   0.355498   1.379571   0.652428   1.800004   0.723108   2.025480   0.680775   3.262489   0.293563   3.352121   0.616464   3.654263  -0.600000   3.132062  -0.348912   0.534840  -0.215959
WA            0.474329   0.076419   0.277568   0.322654   1.771459   0.945824   2.243557   1.788208   2.803371   0.986575   4.017001   0.470629   5.247408   1.514858   4.616222  -0.928045   4.111666  -0.583688   0.129555  -0.459678
WB            0.082229   0.068241  -0.066422   0.223971   1.237203   0.662402   1.667050   1.333268   1.944836   0.702361   2.828291   0.310258   3.819452   1.210576   3.241329  -0.653662   2.936286  -0.386651  -0.116298  -0.299353
WC            0.804313   0.359545  -0.551178   1.156941   5.659268   2.638504   7.001715   4.871317   8.265233   2.489651  11.887545   1.112783  15.001408   4.592908  13.080247  -1.773019  11.647089  -1.201287  -0.504807  -1.306481
X             1.301133   0.671457   0.590686   2.228596   7.037803   3.743688   8.685535   3.999199  10.231318   2.626631  15.526867   1.223229  16.196239   4.025874  16.698831  -3.218692  14.404993  -1.881717   0.228335  -1.550981
XA            1.035353   0.206358  -0.142859   0.974263   4.985808   2.489699   5.825525   3.614409   7.461038   2.609193  10.489100   0.864964  12.894375   3.011599  11.880866  -2.135890  11.083942  -1.432792  -0.235033  -1.259199
XB            0.725748   0.146783   0.404888   0.370983   2.135470   1.138903   2.622597   2.289206   3.323845   1.171544   4.752826   0.554117   6.445168   1.965830   5.490950  -1.067058   4.872256  -0.738738   0.240006  -0.564686
Y             0.411035   0.208468  -0.297858   1.192490   3.790593   1.904262   4.638037   2.752993   5.499654   1.672961   8.169143   0.818596   9.591907   2.591163   8.928508  -1.771909   7.844277  -0.838589  -0.491255  -0.964308
YA            1.772164   0.305928   0.077141   0.665023   4.030102   1.912966   5.107776   4.297340   6.109575   1.932805   9.129312   0.958675  12.648482   4.062063  10.874116  -2.215443   9.209160  -1.288255   0.366238  -1.053819
YB            0.178612   0.020782   0.010682   0.281843   1.356793   0.635912   1.687213   1.729514   2.121410   0.737927   3.055643   0.336788   4.380329   1.491757   3.508023  -0.716873   3.095360  -0.418851  -0.078306  -0.346072
Z             0.737354   0.162665  -1.204962   1.269252   7.239185   3.373243   8.592093   4.743992  10.396522   3.655713  14.962737   1.384010  17.271906   4.675981  16.576300  -2.941508  14.769635  -1.191423  -1.047438  -1.668226
ZA           -0.362295   0.044135  -1.369448   1.231468   4.916133   2.438374   6.091721   4.382601   7.222469   2.189879  10.636429   1.025077  13.240705   4.592079  11.539292  -2.083455  10.115973  -1.267745  -1.296853  -1.109729
ZB            1.061334   0.040275   0.495115   0.498332   3.276246   1.111476   4.105622   2.277269   4.990024   1.714744   7.290696   0.628191   8.821116   1.582058   8.126464  -1.544461   7.421059  -1.030160   0.503379  -0.713736
