A           -5.06454  -0.61136  -6.09573   0.08544  -1.13113   1.17833  -0.08377   2.51957   0.93715   1.06251   3.74715  -0.13932   5.70323   2.53606   4.73267  -2.49080   3.37798  -2.13073  -6.12300  -2.00971
AA          -5.24348  -0.56604  -6.31809   0.19398  -1.22372   1.24633  -0.00984   1.96345   0.96537   1.29285   3.93568   0.17908   5.12604   1.97466   5.07832  -2.38282   3.77256  -2.07907  -6.08284  -1.82240
AB          -5.17966  -0.45006  -5.66511   0.32773  -1.27896   0.95712  -0.15198   2.50243   0.72667   0.75365   3.99938  -0.22049   5.72331   2.99825   4.77297  -2.78064   3.17153  -1.98601  -6.11815  -2.10199
B           -4.99277  -1.19559  -6.28544  -0.05370  -1.32439   1.35171  -0.29040   2.61938   0.97911   1.39549   3.55361   0.21752   5.80209   1.85899   4.57296  -2.85558   3.86862  -1.72930  -5.88339  -1.60892
BA          -4.93113  -0.85026  -5.35950  -0.18609  -1.59074   0.86189  -0.56132   3.59697   0.64825   1.11728   3.20274  -0.07730   6.64729   2.76097   4.32618  -3.03152   3.26147  -2.29546  -5.64325  -1.89649
BB          -5.02937  -0.74160  -6.22073   0.36654  -1.20643   1.87016  -0.39062   1.51693   0.86661   1.16752   4.24666   0.30634   5.04699   1.94173   4.94203  -2.69720   3.90004  -1.84661  -6.15517  -1.88381
BC          -5.23084  -0.70459  -6.18932   0.26498  -1.25744   1.49261  -0.00427   2.04960   0.88239   0.99600   3.84551   0.32066   5.24355   2.09968   4.79488  -2.91212   3.97397  -1.66678  -6.05843  -1.94003
C           -4.82712  -0.60041  -5.26595   0.07762  -2.05469   1.44300  -0.78803   2.84661   0.63402   1.13394   3.65613   0.28030   5.91839   2.32579   4.85112  -3.26545   3.72581  -2.24908  -5.84968  -1.99233
CA          -5.03797  -0.67644  -5.56590  -0.03217  -2.05500   1.51646  -0.50715   2.29094   0.84334   1.76158   3.76820   0.40933   5.40625   1.69065   5.24301  -3.24452   3.80482  -1.90728  -5.89960  -1.80855
CB          -4.62626  -0.73792  -5.07174  -0.04422  -1.86611   0.91738  -0.67962   3.78323   0.47103   1.06575   2.99320  -0.18871   6.68025   3.04048   4.28557  -3.34377   3.39278  -2.40981  -5.57912  -2.08241
CC          -5.27477  -0.56230  -6.39349   0.22476  -1.24375   1.37304  -0.08506   1.85111   0.98488   1.28079   4.07407   0.21953   4.87990   1.76116   5.17555  -2.30439   3.91333  -2.07989  -6.03067  -1.76381
D           -4.91795  -0.84835  -6.03084   0.07035  -1.00298   0.99098  -0.08504   2.78070   0.97489   1.14506   3.57486  -0.04157   5.95658   2.62077   4.46321  -2.62550   3.29955  -2.08742  -6.23229  -2.00503
DA          -4.75758  -0.97952  -5.28884   0.21467  -1.76696   1.30723  -0.79778   3.33557   0.63280   0.80037   2.99849   0.03166   6.48114   2.51176   4.65130  -3.32841   3.62218  -1.88130  -5.77474  -2.01205
DB          -4.95313  -0.71426  -5.80493   0.07204  -1.44641   1.55281  -0.66206   2.43478   0.87987   1.11239   3.72062   0.40231   5.85281   2.35186   4.82599  -3.25272   3.44562  -2.00285  -5.85838  -1.95637
DC          -4.59191  -0.41622  -6.07234   0.22094  -1.91160   1.20218  -0.48575   2.25621   0.65335   1.62638   3.55753   0.29197   5.51054   1.54994   5.32752  -2.93250   4.00338  -1.80266  -5.99072  -1.99624
E           -5.37049  -0.29222  -6.14797   0.17991  -0.81676   1.45502  -0.00529   1.38563   0.93202   1.23910   3.95932   0.45918   4.74829   1.91688   5.07884  -2.69910   4.04413  -1.70211  -6.42208  -1.94229
EA          -5.25089  -0.50441  -5.77380   0.49669  -1.68540   1.67356  -0.27865   1.92792   0.58750   1.06493   4.38489   0.20471   4.88417   2.24200   5.28948  -2.92547   3.67717  -2.15994  -5.83447  -2.01999
EB          -5.02632  -0.63325  -5.87196   0.36939  -1.13365   1.05893  -0.31165   2.64077   0.73060   0.76877   4.05762  -0.22493   5.73581   2.79076   4.75254  -2.70015   3.15754  -1.96672  -6.09053  -2.10357
EC          -4.98875  -0.38860  -5.58503   0.40093  -1.61568   1.12917  -0.41240   2.33236   0.75405   0.85466   4.02374   0.02333   5.61536   2.89491   4.92543  -3.07062   3.32840  -2.07726  -6.04513  -2.09887
F           -4.97274  -0.67999  -5.78082   0.47995  -1.78937   1.70070  -0.97899   1.60558   1.01975   1.60355   4.34016   0.50729   5.08926   1.78913   5.12510  -3.14557   3.83824  -1.93201  -5.89059  -1.92862
FA          -4.79112  -0.86278  -5.66522   0.06075  -1.48248   1.15471  -0.44540   3.22483   0.87399   0.72921   3.11353  -0.01671   6.40253   2.52889   4.66016  -2.99068   3.32831  -1.81811  -5.99430  -2.01012
FB          -4.92331  -0.72652  -5.85200   0.05326  -1.33655   1.57477  -0.59296   2.48456   0.87985   1.05915   3.62230   0.31832   5.87156   2.42699   4.82801  -3.20113   3.40974  -2.01874  -5.90664  -1.97067
FC          -4.55981  -0.55151  -6.02818   0.31357  -1.95458   1.28902  -0.45788   2.22196   0.48837   1.74684   3.52213   0.32622   5.56418   1.51008   5.33674  -2.93478   4.01956  -1.90476  -5.93053  -2.01664
G           -5.26254  -0.29289  -6.27540   0.09757  -0.55398   1.37130  -0.17468   1.52462   0.96475   1.26326   4.04566   0.37664   4.84234   1.97804   5.06963  -2.60203   3.78569  -1.78852  -6.44148  -1.92798
GA          -5.35648  -0.48982  -5.62699   0.34650  -1.82086   1.45319  -0.15582   1.81279   0.40922   1.38354   4.09791   0.28708   4.88860   2.09087   5.51230  -2.93104   3.91653  -2.22222  -5.86441  -1.73089
GB          -5.17649  -0.80620  -5.98982   0.26647  -1.35199   1.12522  -0.15366   2.18546   0.53169   1.65112   3.81458   0.30676   5.30457   1.71173   5.35134  -2.76895   3.71049  -1.89633  -6.04071  -1.77529
GC          -5.31769  -0.51611  -5.73526   0.47252  -1.51463   1.75187  -0.35092   1.98335   0.63885   0.97197   4.36985   0.20706   4.86435   2.17033   5.30975  -2.89818   3.64481  -2.08164  -5.90911  -2.06117
H           -5.17262  -0.40684  -5.61047   0.51893  -1.61122   1.59429  -0.47278   2.06986   0.71419   0.97302   4.13448   0.01362   5.17357   2.50917   5.22448  -2.87164   3.57130  -2.24069  -5.95093  -2.15971
HA          -5.40243  -0.80622  -5.73375   0.37894  -1.66136   1.47660  -0.38799   1.88948   0.39135   1.34201   4.17897   0.02090   5.29313   1.96990   5.34572  -2.60079   3.79807  -2.04987  -5.82171  -1.62097
HB          -5.16124  -0.95906  -6.11516  -0.01218  -1.11161   1.30487  -0.06618   2.54084   0.85727   1.07636   3.83008   0.10321   5.83754   2.63605   4.58838  -2.79153   3.21570  -2.13720  -5.87478  -1.76135
HC          -5.14812  -0.80033  -5.83659   0.45747  -2.05159   1.41138  -0.65771   2.02195   0.22719   1.65225   4.31361   0.32711   5.08893   1.50544   5.53513  -2.86610   3.98426  -2.13512  -5.45511  -1.57406
I           -4.95162  -0.82326  -6.07856   0.23114  -1.19122   1.22209  -0.09279   2.30412   1.09906   1.25353   3.65067   0.00482   5.65509   2.42969   4.75954  -2.68902   3.43389  -1.92957  -6.28404  -2.00354
IA          -5.22390  -0.41662  -5.87629   0.44169  -1.16051   1.18326  -0.29210   1.98140   0.78375   0.84471   4.20728   0.09568   5.35903   2.51698   4.94479  -2.65317   3.47908  -1.92837  -6.22113  -2.06556
IB          -4.23265  -0.50413  -5.88159  -0.00682  -2.13219   1.06834  -0.80569   3.02035   0.15250   0.94800   3.40332   0.02948   6.61472   2.65329   4.87799  -3.25970   3.33131  -2.19829  -5.32770  -1.75053
IC          -5.19665  -0.71327  -5.50942  -0.33097  -1.27787   1.36325  -0.43236   2.96822   0.84523   1.34104   3.46738   0.02554   6.01581   2.50486   4.61829  -3.03654   3.40194  -2.20891  -5.93234  -1.91320
J           -4.26324  -0.68213  -5.62012  -0.17960  -2.13892   1.10106  -0.72389   3.27888   0.07348   1.19415   3.27639  -0.10422   6.82168   2.78727   4.55939  -3.32292   3.32465  -2.31338  -5.30941  -1.75910
JA          -5.18576  -0.52061  -6.00591   0.47187  -1.23649   1.22817  -0.25710   1.97994   0.99225   1.02925   4.06011  -0.07049   5.18577   2.39386   5.04368  -2.71948   3.61338  -1.75698  -6.20993  -2.03553
JB          -5.15946  -0.28076  -6.16387   0.16194  -1.23885   1.46170  -0.29153   1.44188   0.88190   1.28961   4.11995   0.32726   4.93033   1.64939   5.25952  -2.60230   3.98212  -1.59334  -6.32011  -1.85539
JC          -4.98573  -0.63565  -5.83266   0.03649  -1.34495   1.31186  -0.30075   2.69297   0.63093   0.86675   3.54888   0.14997   5.89437   2.62441   4.58440  -3.24423   3.72893  -1.85282  -5.92343  -1.94977
K           -5.06469  -0.78370  -5.42700   0.29053  -2.04909   0.97105  -0.46260   2.85559   0.13705   1.15290   3.82271  -0.07108   5.94158   2.58638   5.11706  -3.03591   3.49476  -2.31116  -5.50977  -1.65460
KA          -4.92662  -0.75307  -5.92523   0.03231  -1.28093   1.36307  -0.01593   2.63988   0.72547   1.04205   3.54504   0.16861   5.92989   2.60452   4.47055  -2.92072   3.55181  -2.11729  -6.07406  -2.05935
KB          -5.02276  -0.74151  -6.21586   0.36468  -1.21638   1.86996  -0.39363   1.52627   0.85298   1.16557   4.24676   0.29464   5.05071   1.95645   4.95176  -2.71036   3.89421  -1.84831  -6.14780  -1.87740
KC          -5.12422  -0.81901  -6.26338   0.26459  -1.54218   1.33729  -0.42707   1.81399   0.89798   1.66534   3.74740   0.39690   5.17726   1.55871   5.39684  -2.83384   3.95696  -1.81833  -5.81958  -1.56564
L           -5.14933  -0.86458  -6.44248   0.14993  -0.98710   1.43872  -0.23587   1.90252   0.96103   1.45583   4.01309   0.28158   5.17129   1.40742   4.92835  -2.43802   3.94477  -1.55682  -6.20374  -1.77657
LA          -5.38161  -0.37901  -6.39081   0.03570  -0.91405   1.56983  -0.01665   1.32517   1.19084   1.47293   4.12425   0.39939   4.55863   1.45497   5.18185  -2.48303   3.97508  -1.55902  -6.32755  -1.83694
LB          -5.18087  -0.63782  -5.79359   0.39107  -1.35932   1.51443  -0.49865   2.23943   0.80296   0.89909   4.20554   0.12376   5.30804   2.50968   4.93663  -2.86121   3.53756  -2.18453  -5.95830  -1.99391
LC          -4.95967  -0.37389  -5.61018   0.47080  -1.87396   1.46133  -0.61068   2.10797   0.32908   1.35581   3.98375   0.15510   5.12794   2.28845   5.52877  -2.96854   3.81309  -2.57056  -5.72814  -1.92646
M           -5.00611  -0.65200  -5.41780  -0.21855  -1.70272   0.97030  -0.43418   3.29286   0.51549   1.19527   3.15193  -0.12367   6.44630   2.87446   4.57826  -3.17582   3.40553  -2.34294  -5.53671  -1.81991
MA          -5.05765  -0.56791  -6.28885   0.14544  -1.66936   1.62138  -0.42233   1.44670   0.99801   1.59508   3.99125   0.41540   4.95512   1.16543   5.51667  -2.66198   3.99055  -1.50946  -6.01341  -1.65008
MB          -5.12447  -0.94833  -6.11080  -0.01862  -1.10319   1.24541  -0.02199   2.64448   0.84799   0.99464   3.75099   0.06010   5.93197   2.75922   4.52038  -2.82044   3.16769  -2.12951  -5.85857  -1.78696
MC          -4.96407  -0.70090  -5.76736   0.09550  -1.45067   1.52520  -0.58224   2.44827   0.87374   1.12447   3.72133   0.38608   5.82012   2.33038   4.83461  -3.19742   3.45252  -2.00336  -5.93798  -2.00823
N           -4.52799  -0.58838  -6.03393   0.07181  -1.98153   1.14431  -0.72809   2.60991   0.71863   1.67169   3.79087  -0.09391   5.78692   2.14523   5.08534  -2.83359   3.57735  -2.33546  -5.68757  -1.79161
NAA         -5.13798  -0.54387  -5.58009  -0.08866  -1.52026   1.20767  -0.52827   2.85015   0.65001   1.22374   3.44555   0.07334   5.86382   2.34926   5.00158  -3.04933   3.63317  -2.16079  -5.82752  -1.86150
NB          -5.01002  -0.73378  -6.06141  -0.03967  -1.00210   1.09901   0.03487   2.76095   0.86012   0.91709   3.50633  -0.05758   6.07682   2.70926   4.21621  -2.73277   3.51529  -1.88754  -6.13611  -2.03498
NC          -4.17012  -0.51344  -5.81212   0.00282  -2.16615   1.07365  -0.81067   3.09849   0.07732   0.90806   3.33196   0.00880   6.69027   2.76091   4.85697  -3.37607   3.27594  -2.19005  -5.27341  -1.77317
O           -5.16745  -0.51228  -6.05557   0.35559  -1.02825   1.03710  -0.26422   2.35140   0.89744   0.94080   4.03368  -0.10442   5.49198   2.59300   4.82559  -2.69822   3.36584  -1.87180  -6.09903  -2.09116
OA          -4.96423  -0.55815  -5.35764   0.09945  -1.82760   1.19146  -0.63204   2.63698   0.74956   1.71327   3.53793   0.39820   5.62805   1.91263   5.09874  -3.06453   3.82059  -2.29356  -6.05336  -2.03574
OB          -5.13040  -0.58329  -5.59797  -0.16871  -1.63235   1.10915  -0.70313   2.84682   0.82578   1.12145   3.46656   0.22670   6.04918   2.42391   4.70183  -3.17377   3.74761  -2.09023  -5.72712  -1.71203
OC          -4.71220  -0.61268  -5.48807  -0.21121  -1.77127   1.28964  -0.52607   3.19123   0.53346   1.19691   3.30126   0.00325   6.26060   2.62577   4.60158  -3.22273   3.56405  -2.29879  -5.76334  -1.96139
P           -5.00162  -0.68817  -5.94296   0.07969  -1.16214   1.13981  -0.08463   2.67597   0.83216   1.09614   3.67077  -0.22110   5.92451   2.67075   4.54584  -2.54264   3.36151  -2.14568  -6.14342  -2.06478
PA          -4.97599  -0.70213  -5.82341   0.06137  -1.13290   1.21584  -0.09419   2.72810   0.89499   0.93452   3.62233  -0.02464   6.01552   2.83118   4.32993  -2.82644   3.34010  -2.06239  -6.17637  -2.15541
PB          -5.26221  -0.76512  -6.12503   0.28412  -1.12434   1.42860   0.08523   2.11191   0.86726   1.00302   3.74671   0.28867   5.38058   2.29480   4.74814  -2.88102   3.78862  -1.77638  -6.10497  -1.98861
PC          -5.11117  -0.69372  -5.67114  -0.04975  -1.62561   1.42797  -0.54534   2.58361   0.71120   1.33182   3.74329   0.08884   5.94549   2.11739   4.91522  -2.82091   3.50405  -2.09028  -5.86600  -1.89497
Q           -4.60285  -0.47709  -5.87911  -0.02300  -2.02676   1.14768  -0.39635   2.79930   0.44460   1.46615   3.58188   0.01568   5.89291   1.99071   5.03297  -3.01702   3.76772  -1.95355  -5.81503  -1.94886
QA          -5.11691  -0.72248  -5.58407  -0.22078  -1.57467   1.05451  -0.24821   3.13613   0.59477   1.11532   3.26500  -0.07520   6.34275   2.69244   4.48324  -2.98601   3.54280  -2.18034  -5.70470  -1.81361
QB          -4.18260  -0.47301  -5.84855  -0.09111  -1.86870   1.02160  -0.73549   3.06256   0.20726   1.07863   3.25797  -0.07725   6.57688   2.75218   4.88643  -3.21752   3.27456  -2.25045  -5.56774  -1.80562
QC          -4.89745  -0.75099  -5.77236   0.13107  -1.40397   1.60692  -0.67143   2.45357   0.82537   1.07722   3.74044   0.43684   5.82835   2.38876   4.79299  -3.30710   3.45204  -2.02610  -5.89398  -2.01019
R           -5.19573  -0.90950  -6.40005   0.21261  -0.95881   1.44878  -0.19423   1.89289   0.94543   1.38801   3.99481   0.27612   5.22526   1.44769   4.89236  -2.39997   3.92323  -1.54139  -6.23228  -1.81524
RA          -5.44281  -0.41379  -6.22729  -0.00078  -0.93350   1.55756  -0.11718   1.48811   1.02791   1.45548   4.07625   0.37555   4.81980   1.88738   5.09234  -2.83074   3.83820  -1.70384  -6.13372  -1.81493
RB          -4.92905  -0.70646  -5.79130  -0.01187  -1.23069   1.18278  -0.23822   2.88381   0.80020   0.95473   3.40320   0.04961   6.19469   2.84686   4.33942  -2.91023   3.43347  -2.23659  -5.98173  -2.05264
RC          -4.96479  -0.69978  -5.79091  -0.01459  -1.35441   1.23379  -0.30279   2.87870   0.61135   0.78802   3.44742   0.06089   6.13446   2.87834   4.44568  -3.29906   3.55961  -1.91840  -5.78561  -1.90791
S           -4.94143  -0.46965  -5.86457   0.10318  -1.44497   1.62956  -0.48469   2.20852   0.67459   1.11561   3.91855   0.20891   5.38765   2.24761   5.11216  -2.92561   3.68288  -2.17324  -6.04016  -1.94490
SA          -4.85881  -0.85289  -5.59543  -0.15697  -1.86318   0.90002  -0.60066   3.16801   0.59598   1.26644   3.23163   0.02557   6.73688   2.64724   4.43843  -2.90836   3.38590  -2.40883  -5.47073  -1.68023
SB          -5.28421  -0.46104  -6.50960  -0.03138  -0.72277   1.22445   0.17972   1.81220   0.96489   1.35015   3.85329   0.01219   5.27040   2.00973   4.73518  -2.48756   3.77535  -1.49480  -6.26225  -1.93393
SC          -4.98617  -0.61656  -5.78465   0.00175  -1.86262   0.89613  -0.71655   2.55840   0.52811   1.75856   3.75829   0.26893   5.90448   1.63365   4.96074  -2.75443   3.96150  -2.05307  -5.76311  -1.69335
T           -5.07495  -0.69396  -6.24420   0.50194  -1.10130   1.84936  -0.39474   1.20375   0.95294   1.44022   4.50673   0.41553   4.61588   1.55677   5.04843  -2.68558   3.97068  -1.60025  -6.27948  -1.98778
TA          -5.23162  -0.52499  -5.76951   0.55369  -1.69272   1.67220  -0.30999   1.88235   0.54710   1.13128   4.40032   0.21474   4.86741   2.18189   5.31661  -2.92128   3.70551  -2.15294  -5.83311  -2.03695
TB          -5.20879  -0.64709  -5.67770  -0.09929  -1.40370   1.18355  -0.52778   2.84659   0.68704   1.11205   3.56481   0.07768   5.76413   2.38801   4.87911  -3.11527   3.74121  -2.02225  -5.81831  -1.72398
TC          -4.99250  -0.76621  -6.07458   0.25081  -1.56293   1.47866  -0.55436   1.89560   0.71862   1.65869   3.63790   0.38653   5.29086   1.63945   5.48254  -2.98293   3.91433  -1.89873  -5.85989  -1.66186
U           -5.26117  -0.39471  -5.63516   0.19953  -1.70921   1.34776  -0.58518   1.92535   0.71645   1.49514   3.84331   0.57614   5.17965   1.53717   5.48467  -2.97368   3.98212  -1.86677  -6.01547  -1.84592
UA          -4.83381  -0.67278  -5.34637  -0.31117  -2.15690   1.33584  -0.59174   3.21465   0.56608   1.17853   3.60641  -0.02781   6.37210   2.57028   4.46524  -3.18528   3.48836  -2.26300  -5.56938  -1.83926
UB          -5.05717  -1.00430  -5.75219   0.06403  -1.72907   1.28712  -0.15758   3.05075   0.83464   1.04543   3.17326   0.33509   6.00918   2.23432   4.92533  -3.16192   3.48067  -1.99361  -5.72707  -1.85691
UC          -4.88652  -0.41449  -5.49963   0.12361  -1.87514   1.16114  -0.70941   2.63768   0.60533   1.33982   3.65398   0.31563   5.80741   2.25893   5.14260  -3.13101   3.58300  -2.31424  -5.82163  -1.97708
V           -4.78670  -0.71798  -5.56857   0.11256  -1.85090   1.19015  -0.14584   2.78871   0.67794   0.88596   2.82691   0.42236   6.22503   2.35617   5.01283  -3.15588   3.65399  -1.96175  -6.04469  -1.92031
VA          -4.95198  -1.03600  -5.75421   0.04684  -1.74763   1.02916  -0.49275   2.93390   0.69607   1.27280   3.48639  -0.03420   6.33618   2.64192   4.56562  -2.84629   3.44263  -2.38529  -5.58031  -1.62284
VB          -4.19982  -0.51910  -5.81863  -0.01522  -2.13641   1.10232  -0.83406   3.05997   0.06880   0.89799   3.40440   0.04282   6.70172   2.71744   4.83661  -3.32997   3.26493  -2.19308  -5.28753  -1.76316
VC          -4.88877  -0.78127  -5.97404   0.11567  -1.45317   1.39942  -0.60168   2.54864   0.83616   1.46597   3.46559  -0.06127   5.80005   2.02303   4.77852  -2.66777   3.99434  -2.12707  -5.95700  -1.91535
W           -5.13143  -0.74759  -5.58395   0.55185  -2.30612   1.59730  -0.78579   1.84009   0.02718   1.68054   4.48272   0.24564   4.81595   1.40902   5.87101  -2.99274   3.99270  -2.07056  -5.38227  -1.51355
WA          -4.87217  -0.70682  -5.31984  -0.12852  -1.83174   1.26381  -0.70635   3.20125   0.56374   1.32144   3.36090   0.08105   6.25278   2.45965   4.70107  -3.18529   3.54282  -2.36834  -5.69121  -1.93823
WB          -5.11615  -0.70866  -5.56479  -0.22927  -1.57602   1.06857  -0.24495   3.10154   0.58321   1.16914   3.26564  -0.05321   6.31541   2.66263   4.49626  -3.00524   3.57402  -2.18178  -5.73264  -1.82372
WC          -5.01536  -0.66376  -6.06352  -0.02886  -1.20967   1.06327  -0.14130   2.78955   0.81932   0.92116   3.62791  -0.18797   6.08903   2.49242   4.52830  -2.44846   3.41736  -1.98861  -6.05209  -1.94875
X           -5.30447  -0.52790  -5.82459   0.51880  -1.45862   1.69873  -0.33980   1.91040   0.74627   1.00857   4.39231   0.17053   4.78576   2.09852   5.29268  -2.83463   3.69686  -1.97402  -5.98639  -2.06901
XA          -4.90798  -0.63589  -5.96429   0.04618  -1.38471   1.42056  -0.63822   2.42931   0.82785   1.53680   3.54174  -0.01114   5.68405   1.91722   4.79747  -2.68880   4.08230  -2.06322  -6.03821  -1.95102
XB          -4.62895  -0.64110  -5.24293  -0.19265  -1.85088   1.22823  -0.85807   3.44231   0.45828   1.24326   3.20825  -0.01394   6.55224   2.65875   4.57571  -3.19231   3.38757  -2.52953  -5.60121  -2.00301
Y           -5.10747  -0.73693  -5.95491   0.39283  -1.21079   1.31333  -0.24318   2.32052   0.78423   1.08241   3.91145   0.14763   5.52815   2.24334   4.85373  -2.85140   3.57043  -1.78910  -6.13165  -2.12263
YA          -4.11553  -0.52837  -5.77527  -0.12837  -1.84762   0.99284  -0.72102   3.31195   0.20114   0.95558   3.14889  -0.08639   6.69994   2.87423   4.78077  -3.26047   3.16616  -2.30174  -5.53747  -1.82928
YB          -4.84980  -0.87861  -5.29789  -0.14991  -1.56912   0.75031  -0.59749   3.74503   0.54335   0.98860   3.09500  -0.16895   6.80956   2.93919   4.28247  -3.09744   3.16213  -2.25320  -5.57822  -1.87503
Z           -5.09067  -0.69901  -6.30490   0.00698  -0.98788   1.28225  -0.13029   2.13601   0.99741   1.44228   3.85378  -0.01024   5.32280   2.04533   4.84367  -2.73684   3.71823  -1.62730  -6.22216  -1.83948
ZA          -5.25728  -0.88756  -6.07773   0.08371  -0.94287   1.05872   0.02039   2.64441   0.94008   0.85192   3.72598  -0.10500   5.85864   2.80346   4.45804  -2.64496   3.29712  -1.97645  -6.02238  -1.82824
ZB          -4.97792  -0.62580  -5.77850   0.01093  -1.87961   0.90450  -0.72836   2.55150   0.52032   1.77176   3.76423   0.27254   5.90256   1.63007   4.96338  -2.76916   3.96666  -2.05506  -5.75276  -1.69129
