   40
Dasypus    0.000000 0.103490 0.080367 0.091652 0.078801 0.109328 0.080541
 0.079114 0.095519 0.155057 0.091258 0.105054 0.146164 0.063645 0.180527
 0.175004 0.118062 0.156003 0.156114 0.131330 0.075700 0.109986 0.152975
 0.078004 0.103483 0.097251 0.094724 0.089994 0.109078 0.083224 0.101374
 0.073125 0.110992 0.116544 0.104492 0.080419 0.110353 0.080419 0.112461
 0.092590
Echinops   0.103490 0.000000 0.099983 0.127714 0.076649 0.124076 0.101297
 0.107993 0.112245 0.170085 0.109131 0.116548 0.144503 0.111227 0.197092
 0.165372 0.133637 0.181065 0.179840 0.132269 0.085589 0.136768 0.122527
 0.098871 0.113957 0.131059 0.120256 0.089981 0.143096 0.105370 0.103909
 0.100029 0.121791 0.128503 0.118508 0.101156 0.116501 0.101156 0.114951
 0.093712
Pongo      0.080367 0.099983 0.000000 0.088800 0.086057 0.095266 0.011861
 0.065670 0.084900 0.155852 0.040193 0.094966 0.145444 0.093013 0.095531
 0.176254 0.109904 0.148721 0.161096 0.114640 0.062570 0.108890 0.127358
 0.005901 0.108682 0.084254 0.076361 0.063725 0.116207 0.064064 0.092373
 0.049600 0.105508 0.116396 0.108908 0.007881 0.098900 0.007881 0.091200
 0.086727
Ictidomys  0.091652 0.127714 0.088800 0.000000 0.106225 0.116325 0.087880
 0.086538 0.109945 0.166018 0.101130 0.110313 0.172857 0.097930 0.186455
 0.182861 0.148211 0.158217 0.162510 0.129369 0.088972 0.103568 0.155731
 0.088799 0.132215 0.086651 0.101963 0.095820 0.106323 0.091675 0.122171
 0.084238 0.125035 0.131738 0.131374 0.088854 0.121215 0.088854 0.116704
 0.109320
Loxodonta  0.078801 0.076649 0.086057 0.106225 0.000000 0.112971 0.086230
 0.077246 0.104738 0.162675 0.090466 0.090954 0.144081 0.083719 0.170970
 0.175764 0.122258 0.161384 0.166420 0.130209 0.077352 0.115500 0.132247
 0.083887 0.091810 0.109492 0.100339 0.085775 0.120766 0.087673 0.097653
 0.077243 0.102849 0.115808 0.106366 0.086110 0.117154 0.086110 0.106326
 0.092960
Canis      0.109328 0.124076 0.095266 0.116325 0.112971 0.000000 0.093230
 0.081489 0.072042 0.165894 0.105272 0.107032 0.138250 0.096444 0.185991
 0.189335 0.115652 0.170406 0.170522 0.142132 0.074968 0.120437 0.139018
 0.090818 0.132636 0.118195 0.113166 0.104044 0.129501 0.085357 0.114089
 0.086088 0.058835 0.122224 0.063029 0.090875 0.116313 0.090875 0.110111
 0.104363
Macaca     0.080541 0.101297 0.011861 0.087880 0.086230 0.093230 0.000000
 0.067933 0.089481 0.157734 0.042330 0.091150 0.149287 0.088808 0.099177
 0.175418 0.110140 0.149036 0.160235 0.111304 0.065887 0.105748 0.129938
 0.009874 0.108905 0.090990 0.078670 0.066141 0.114174 0.066336 0.091332
 0.049696 0.105727 0.115187 0.111409 0.011868 0.096882 0.011868 0.095810
 0.084710
Myotis     0.079114 0.107993 0.065670 0.086538 0.077246 0.081489 0.067933
 0.000000 0.080147 0.146756 0.068998 0.087334 0.147476 0.087230 0.158855
 0.159717 0.120249 0.143450 0.154292 0.131782 0.064315 0.113448 0.133565
 0.061427 0.102321 0.083095 0.083852 0.070814 0.115139 0.053110 0.098677
 0.059187 0.082593 0.123239 0.090404 0.061464 0.103407 0.061464 0.104281
 0.087407
Felis      0.095519 0.112245 0.084900 0.109945 0.104738 0.072042 0.089481
 0.080147 0.000000 0.170129 0.094890 0.097142 0.139343 0.101715 0.178624
 0.175363 0.116945 0.166899 0.168603 0.132314 0.065054 0.132093 0.132399
 0.083803 0.118094 0.115543 0.110546 0.090253 0.131590 0.079605 0.097747
 0.079364 0.079745 0.113674 0.082824 0.083855 0.112520 0.083855 0.103974
 0.099554
Macropus   0.155057 0.170085 0.155852 0.166018 0.162675 0.165894 0.157734
 0.146756 0.170129 0.000000 0.174300 0.186373 0.210166 0.162460 0.242559
 0.190717 0.206918 0.056746 0.052774 0.193822 0.154625 0.182050 0.186270
 0.155845 0.175090 0.166758 0.169294 0.162361 0.189144 0.154119 0.187139
 0.164683 0.172730 0.166744 0.183365 0.155971 0.168820 0.155971 0.188834
 0.166760
Callithrix 0.091258 0.109131 0.040193 0.101130 0.090466 0.105272 0.042330
 0.068998 0.094890 0.174300 0.000000 0.104177 0.150259 0.099689 0.132117
 0.176641 0.123978 0.165789 0.172344 0.126368 0.077593 0.112181 0.133877
 0.034052 0.108746 0.104259 0.095008 0.063768 0.121810 0.082589 0.103684
 0.061225 0.111238 0.112365 0.114506 0.036116 0.113667 0.036116 0.100115
 0.096832
Erinaceus  0.105054 0.116548 0.094966 0.110313 0.090954 0.107032 0.091150
 0.087334 0.097142 0.186373 0.104177 0.000000 0.133465 0.100174 0.211856
 0.189775 0.116455 0.167489 0.184001 0.140304 0.084700 0.125296 0.143308
 0.094964 0.125616 0.109939 0.104423 0.097798 0.117480 0.091895 0.115226
 0.084557 0.114313 0.133954 0.109731 0.097635 0.112857 0.097635 0.115666
 0.097877
Sorex      0.146164 0.144503 0.145444 0.172857 0.144081 0.138250 0.149287
 0.147476 0.139343 0.210166 0.150259 0.133465 0.000000 0.145961 0.247067
 0.204202 0.125366 0.190758 0.201407 0.168492 0.122181 0.153390 0.151136
 0.143102 0.152095 0.169543 0.160416 0.147706 0.157992 0.152309 0.129560
 0.140644 0.126445 0.134512 0.131816 0.145541 0.128426 0.145541 0.125820
 0.126853
Choloepus  0.063645 0.111227 0.093013 0.097930 0.083719 0.096444 0.088808
 0.087230 0.101715 0.162460 0.099689 0.100174 0.145961 0.000000 0.182209
 0.177336 0.115806 0.160975 0.156384 0.134306 0.073288 0.127611 0.149350
 0.088627 0.114364 0.105519 0.098450 0.097918 0.127087 0.085645 0.108174
 0.078662 0.106856 0.130787 0.106712 0.090873 0.116564 0.090873 0.114689
 0.102253
Nomascus   0.180527 0.197092 0.095531 0.186455 0.170970 0.185991 0.099177
 0.158855 0.178624 0.242559 0.132117 0.211856 0.247067 0.182209 0.000000
 0.268341 0.250027 0.248879 0.259465 0.218092 0.156619 0.204554 0.232950
 0.094390 0.197916 0.183462 0.176305 0.170730 0.214927 0.156564 0.187080
 0.133670 0.195427 0.238754 0.202003 0.095595 0.180145 0.095595 0.188213
 0.171197
Ornithorhy 0.175004 0.165372 0.176254 0.182861 0.175764 0.189335 0.175418
 0.159717 0.175363 0.190717 0.176641 0.189775 0.204202 0.177336 0.268341
 0.000000 0.208747 0.171007 0.176375 0.176422 0.159744 0.187113 0.184132
 0.171394 0.187970 0.181519 0.179491 0.165780 0.193788 0.176629 0.194377
 0.163530 0.176457 0.179645 0.175993 0.173938 0.191905 0.173938 0.180611
 0.172838
Vicugna    0.118062 0.133637 0.109904 0.148211 0.122258 0.115652 0.110140
 0.120249 0.116945 0.206918 0.123978 0.116455 0.125366 0.115806 0.250027
 0.208747 0.000000 0.187250 0.193851 0.157325 0.095994 0.142354 0.145515
 0.108193 0.131970 0.138307 0.150815 0.098945 0.134038 0.118748 0.073097
 0.106476 0.106581 0.102323 0.113815 0.106479 0.089906 0.106479 0.114110
 0.076003
Monodelphi 0.156003 0.181065 0.148721 0.158217 0.161384 0.170406 0.149036
 0.143450 0.166899 0.056746 0.165789 0.167489 0.190758 0.160975 0.248879
 0.171007 0.187250 0.000000 0.061465 0.183095 0.153350 0.174665 0.190611
 0.147534 0.172118 0.157121 0.153329 0.160694 0.175320 0.144810 0.174455
 0.149552 0.176798 0.184239 0.181560 0.150002 0.170342 0.150002 0.172120
 0.157461
Sarcophilu 0.156114 0.179840 0.161096 0.162510 0.166420 0.170522 0.160235
 0.154292 0.168603 0.052774 0.172344 0.184001 0.201407 0.156384 0.259465
 0.176375 0.193851 0.061465 0.000000 0.175935 0.151184 0.181058 0.195443
 0.159890 0.176281 0.160718 0.156901 0.164679 0.168955 0.160575 0.186034
 0.159510 0.171898 0.181515 0.179338 0.162404 0.176982 0.162404 0.181209
 0.164918
Cavia      0.131330 0.132269 0.114640 0.129369 0.130209 0.142132 0.111304
 0.131782 0.132314 0.193822 0.126368 0.140304 0.168492 0.134306 0.218092
 0.176422 0.157325 0.183095 0.175935 0.000000 0.111142 0.132447 0.151565
 0.114640 0.155212 0.131778 0.135072 0.122344 0.139767 0.128065 0.135783
 0.108714 0.126018 0.123554 0.135943 0.116997 0.137939 0.116997 0.131034
 0.127601
Equus      0.075700 0.085589 0.062570 0.088972 0.077352 0.074968 0.065887
 0.064315 0.065054 0.154625 0.077593 0.084700 0.122181 0.073288 0.156619
 0.159744 0.095994 0.153350 0.151184 0.111142 0.000000 0.105743 0.123364
 0.060450 0.102191 0.095389 0.085058 0.073116 0.107095 0.060580 0.080153
 0.062519 0.073898 0.101204 0.075973 0.062608 0.090124 0.062608 0.090039
 0.081977
Rattus     0.109986 0.136768 0.108890 0.103568 0.115500 0.120437 0.105748
 0.113448 0.132093 0.182050 0.112181 0.125296 0.153390 0.127611 0.204554
 0.187113 0.142354 0.174665 0.181058 0.132447 0.105743 0.000000 0.156901
 0.107768 0.127964 0.115700 0.122670 0.115098 0.053995 0.115382 0.133506
 0.096430 0.128699 0.138448 0.131214 0.107838 0.139907 0.107838 0.121910
 0.113848
Ochotona   0.152975 0.122527 0.127358 0.155731 0.132247 0.139018 0.129938
 0.133565 0.132399 0.186270 0.133877 0.143308 0.151136 0.149350 0.232950
 0.184132 0.145515 0.190611 0.195443 0.151565 0.123364 0.156901 0.000000
 0.127356 0.134079 0.156889 0.151423 0.127918 0.152493 0.151330 0.134531
 0.124768 0.128355 0.122159 0.122678 0.127258 0.127221 0.127258 0.097510
 0.126780
Gorilla    0.078004 0.098871 0.005901 0.088799 0.083887 0.090818 0.009874
 0.061427 0.083803 0.155845 0.034052 0.094964 0.143102 0.088627 0.094390
 0.171394 0.108193 0.147534 0.159890 0.114640 0.060450 0.107768 0.127356
 0.000000 0.101993 0.084254 0.078514 0.063724 0.115071 0.064063 0.090169
 0.045450 0.101005 0.112179 0.108908 0.001964 0.096683 0.001964 0.091200
 0.082357
Procavia   0.103483 0.113957 0.108682 0.132215 0.091810 0.132636 0.108905
 0.102321 0.118094 0.175090 0.108746 0.125616 0.152095 0.114364 0.197916
 0.187970 0.131970 0.172118 0.176281 0.155212 0.102191 0.127964 0.134079
 0.101993 0.000000 0.129818 0.123743 0.106741 0.134222 0.114337 0.123254
 0.108881 0.117684 0.129948 0.121151 0.104282 0.129371 0.104282 0.126238
 0.110553
Dipodomys  0.097251 0.131059 0.084254 0.086651 0.109492 0.118195 0.090990
 0.083095 0.115543 0.166758 0.104259 0.109939 0.169543 0.105519 0.183462
 0.181519 0.138307 0.157121 0.160718 0.131778 0.095389 0.115700 0.156889
 0.084254 0.129818 0.000000 0.100779 0.100208 0.114977 0.090379 0.115894
 0.084068 0.122637 0.137967 0.130910 0.084305 0.124718 0.084305 0.122781
 0.101257
Otolemur   0.094724 0.120256 0.076361 0.101963 0.100339 0.113166 0.078670
 0.083852 0.110546 0.169294 0.095008 0.104423 0.160416 0.098450 0.176305
 0.179491 0.150815 0.153329 0.156901 0.135072 0.085058 0.122670 0.151423
 0.078514 0.123743 0.100779 0.000000 0.076258 0.123109 0.080184 0.115750
 0.076200 0.120022 0.136306 0.120032 0.080721 0.120538 0.080721 0.119045
 0.097405
Microcebus 0.089994 0.089981 0.063725 0.095820 0.085775 0.104044 0.066141
 0.070814 0.090253 0.162361 0.063768 0.097798 0.147706 0.097918 0.170730
 0.165780 0.098945 0.160694 0.164679 0.122344 0.073116 0.115098 0.127918
 0.063724 0.106741 0.100208 0.076258 0.000000 0.115435 0.078365 0.091312
 0.070507 0.105344 0.101824 0.098034 0.066044 0.092711 0.066044 0.091300
 0.073379
Mus        0.109078 0.143096 0.116207 0.106323 0.120766 0.129501 0.114174
 0.115139 0.131590 0.189144 0.121810 0.117480 0.157992 0.127087 0.214927
 0.193788 0.134038 0.175320 0.168955 0.139767 0.107095 0.053995 0.152493
 0.115071 0.134222 0.114977 0.123109 0.115435 0.000000 0.122836 0.133005
 0.107219 0.129344 0.140883 0.130511 0.116281 0.133766 0.116281 0.123829
 0.115541
Pteropus   0.083224 0.105370 0.064064 0.091675 0.087673 0.085357 0.066336
 0.053110 0.079605 0.154119 0.082589 0.091895 0.152309 0.085645 0.156564
 0.176629 0.118748 0.144810 0.160575 0.128065 0.060580 0.115382 0.151330
 0.064063 0.114337 0.090379 0.080184 0.078365 0.122836 0.000000 0.091715
 0.063925 0.094368 0.125539 0.099971 0.064102 0.103150 0.064102 0.109667
 0.087894
Tursiops   0.101374 0.103909 0.092373 0.122171 0.097653 0.114089 0.091332
 0.098677 0.097747 0.187139 0.103684 0.115226 0.129560 0.108174 0.187080
 0.194377 0.073097 0.174455 0.186034 0.135783 0.080153 0.133506 0.134531
 0.090169 0.123254 0.115894 0.115750 0.091312 0.133005 0.091715 0.000000
 0.094503 0.107111 0.094463 0.103717 0.092431 0.065139 0.092431 0.095050
 0.057340
Tarsius    0.073125 0.100029 0.049600 0.084238 0.077243 0.086088 0.049696
 0.059187 0.079364 0.164683 0.061225 0.084557 0.140644 0.078662 0.133670
 0.163530 0.106476 0.149552 0.159510 0.108714 0.062519 0.096430 0.124768
 0.045450 0.108881 0.084068 0.076200 0.070507 0.107219 0.063925 0.094503
 0.000000 0.089525 0.115972 0.098550 0.045476 0.103402 0.045476 0.092101
 0.085446
Mustela    0.110992 0.121791 0.105508 0.125035 0.102849 0.058835 0.105727
 0.082593 0.079745 0.172730 0.111238 0.114313 0.126445 0.106856 0.195427
 0.176457 0.106581 0.176798 0.171898 0.126018 0.073898 0.128699 0.128355
 0.101005 0.117684 0.122637 0.120022 0.105344 0.129344 0.094368 0.107111
 0.089525 0.000000 0.105273 0.049088 0.101068 0.114048 0.101068 0.110129
 0.105513
Tupaia     0.116544 0.128503 0.116396 0.131738 0.115808 0.122224 0.115187
 0.123239 0.113674 0.166744 0.112365 0.133954 0.134512 0.130787 0.238754
 0.179645 0.102323 0.184239 0.181515 0.123554 0.101204 0.138448 0.122159
 0.112179 0.129948 0.137967 0.136306 0.101824 0.140883 0.125539 0.094463
 0.115972 0.105273 0.000000 0.109843 0.113673 0.105559 0.113673 0.105190
 0.100860
Ailuropoda 0.104492 0.118508 0.108908 0.131374 0.106366 0.063029 0.111409
 0.090404 0.082824 0.183365 0.114506 0.109731 0.131816 0.106712 0.202003
 0.175993 0.113815 0.181560 0.179338 0.135943 0.075973 0.131214 0.122678
 0.108908 0.121151 0.130910 0.120032 0.098034 0.130511 0.099971 0.103717
 0.098550 0.049088 0.109843 0.000000 0.111246 0.114214 0.111246 0.112871
 0.102983
Pan        0.080419 0.101156 0.007881 0.088854 0.086110 0.090875 0.011868
 0.061464 0.083855 0.155971 0.036116 0.097635 0.145541 0.090873 0.095595
 0.173938 0.106479 0.150002 0.162404 0.116997 0.062608 0.107838 0.127258
 0.001964 0.104282 0.084305 0.080721 0.066044 0.116281 0.064102 0.092431
 0.045476 0.101068 0.113673 0.111246 0.000000 0.098962 0.000000 0.092361
 0.084591
Bos        0.110353 0.116501 0.098900 0.121215 0.117154 0.116313 0.096882
 0.103407 0.112520 0.168820 0.113667 0.112857 0.128426 0.116564 0.180145
 0.191905 0.089906 0.170342 0.176982 0.137939 0.090124 0.139907 0.127221
 0.096683 0.129371 0.124718 0.120538 0.092711 0.133766 0.103150 0.065139
 0.103402 0.114048 0.105559 0.114214 0.098962 0.000000 0.098962 0.108943
 0.066098
Homo       0.080419 0.101156 0.007881 0.088854 0.086110 0.090875 0.011868
 0.061464 0.083855 0.155971 0.036116 0.097635 0.145541 0.090873 0.095595
 0.173938 0.106479 0.150002 0.162404 0.116997 0.062608 0.107838 0.127258
 0.001964 0.104282 0.084305 0.080721 0.066044 0.116281 0.064102 0.092431
 0.045476 0.101068 0.113673 0.111246 0.000000 0.098962 0.000000 0.092361
 0.084591
Oryctolagu 0.112461 0.114951 0.091200 0.116704 0.106326 0.110111 0.095810
 0.104281 0.103974 0.188834 0.100115 0.115666 0.125820 0.114689 0.188213
 0.180611 0.114110 0.172120 0.181209 0.131034 0.090039 0.121910 0.097510
 0.091200 0.126238 0.122781 0.119045 0.091300 0.123829 0.109667 0.095050
 0.092101 0.110129 0.105190 0.112871 0.092361 0.108943 0.092361 0.000000
 0.097116
Sus        0.092590 0.093712 0.086727 0.109320 0.092960 0.104363 0.084710
 0.087407 0.099554 0.166760 0.096832 0.097877 0.126853 0.102253 0.171197
 0.172838 0.076003 0.157461 0.164918 0.127601 0.081977 0.113848 0.126780
 0.082357 0.110553 0.101257 0.097405 0.073379 0.115541 0.087894 0.057340
 0.085446 0.105513 0.100860 0.102983 0.084591 0.066098 0.084591 0.097116
 0.000000
