
The differences of log-likelihood for each of the 232 sites, and their sum:

  0.011696
  0.011212
  0.012727
  0.015086
  0.009688
 -0.430553
 -0.090662
 -0.133940
 -0.020093
  0.357768
  0.017140
 -0.017700
  0.014289
 -0.039399
  0.019564
 -0.225572
 -0.188350
  0.014470
 -0.022530
  0.011696
  0.010646
  0.019563
  0.009688
  0.011696
  0.015791
  0.024275
  0.024275
  0.009688
 2.034588
 -0.106310
  0.011696
  0.581825
  0.007246
  0.012900
  0.009688
 -0.422655
  0.013407
  0.047233
  0.009688
 -0.034221
 -0.100801
  0.009688
 -0.072001
  0.014289
  0.010646
 -0.010616
  0.014470
  0.009688
  0.065129
 -0.070486
  0.009688
  0.009688
  0.043770
 -0.137808
  0.009688
  0.012671
  0.016747
 -0.232046
  0.012900
 -0.012793
  0.012671
  0.009688
 -0.012309
  0.027746
 -0.115259
 -0.007654
  0.022395
 -0.090913
  0.063195
  0.026198
 -0.137808
  0.016747
  0.056330
  0.581940
  0.002662
  0.001975
  0.016747
  0.026301
  0.012671
 -0.013902
  0.009251
 -0.009934
  0.581825
  0.007510
  0.059191
  0.200476
  0.014634
 -0.049675
  0.019564
  0.009251
 -0.133940
  0.012900
  0.002662
  0.002662
 -0.144030
  0.014470
  0.010646
 -0.536559
  0.012900
 -0.023943
  0.131969
  0.315209
  0.018506
  0.001597
  0.012671
  0.002662
  0.014289
  0.009688
  0.050871
 -0.011453
  0.009688
  0.003193
 1.686908
  0.011696
  0.010646
  0.007832
  0.023123
  0.012900
  0.014289
  0.018506
 -0.017700
 -0.009451
 -0.138281
  0.009688
 -0.010117
  0.009688
 -0.059462
  0.017964
  0.014367
 -0.416315
  0.000942
  0.421679
  0.011696
  0.019987
  0.016402
  0.005801
  0.059830
  0.016402
  0.022395
  0.009688
  0.010646
  0.017140
  0.022395
 -0.000154
 -0.422110
 -0.140676
 -0.167896
 -0.143611
  0.068128
 -0.151063
  0.015086
  0.056834
  0.002662
 -0.069304
  0.041275
 -0.043732
 -0.081568
  0.067325
  0.015791
 -0.011453
  0.015086
 -0.009451
  0.020865
  0.050871
  0.034362
  0.016402
  0.009688
 -0.012080
  0.017140
 -0.155890
 -0.073531
 -0.063500
 -0.013902
  0.016747
  0.005082
 -0.237910
 -0.153653
 -0.081568
  0.009396
  0.009688
  0.012599
  0.011696
  0.014289
  0.024275
  0.013657
 -0.081568
 -0.062246
  0.014139
  0.002662
 -0.154539
  0.512671
  0.011212
  0.026198
  0.011212
  0.011696
  0.032409
 -0.388984
  0.022395
  0.065129
 -0.076390
  0.003193
 -0.012309
  0.009688
  0.009688
  0.009688
  0.426876
 -0.451680
  0.011696
  0.002662
 -0.013838
  0.009688
  0.009688
 -0.061827
 -0.012080
  0.007510
  0.060157
  0.011696
  0.017905
  0.011696
  0.009688
 -0.015450
 -0.028238
  0.005801
 -0.022530
  0.014470
 -0.076888
  0.602583
  0.016402
 -0.024502
  0.015791
  0.011696
  0.009688

 sum: 3.189707 
