
The 232 log-likelihood values for the first tree in the
data in the table in Figure 21.2, followed by a blank and
then the 232 log-likelihood values for the second tree.
These are from the 7-species primate data set, the sites in
the same order as there.  The total log likelihoods for the
two trees are respectively  -1405.608331 and -1408.798038.

 -2.971185 
 -4.483270 
 -5.672551 
 -5.883401 
 -2.690524 
 -8.002840 
 -7.802138 
 -7.435032 
 -7.992748 
 -7.300307 
 -4.177079 
 -5.733952 
 -4.124220 
 -7.405781 
 -4.850416 
 -8.765864 
 -7.493304 
 -6.636705 
 -7.698641 
 -2.971185 
 -3.983714 
 -5.781975 
 -2.690524 
 -2.971185 
 -3.873321 
 -5.219459 
 -5.219459 
 -2.690524 
 -8.778919 
 -6.882488 
 -2.971185 
 -5.842332 
 -5.087947 
 -4.000042 
 -2.690524 
 -7.777637 
 -7.985702 
 -7.274942 
 -2.690524 
 -8.816205 
 -8.429092 
 -2.690524 
 -12.191475 
 -4.124220 
 -3.983714 
 -5.028822 
 -7.568263 
 -2.690524 
 -5.544352 
 -6.810796 
 -2.690524 
 -2.690524 
 -10.168048 
 -6.186924 
 -2.690524 
 -4.920224 
 -4.416106 
 -7.338934 
 -4.000042 
 -6.155451 
 -4.920224 
 -2.690524 
 -5.384710 
 -7.400182 
 -8.266794 
 -5.798664 
 -6.229314 
 -10.713363 
 -8.554783 
 -9.222787 
 -6.186924 
 -4.416106 
 -6.564773 
 -9.003442 
 -3.776207 
 -7.672431 
 -4.416106 
 -9.523199 
 -4.920224 
 -6.888636 
 -5.472247 
 -8.062561 
 -5.842332 
 -6.308194 
 -7.867068 
 -8.136381 
 -5.954894 
 -10.470970 
 -4.850416 
 -5.472247 
 -7.435032 
 -4.000042 
 -4.707765 
 -4.707765 
 -6.268494 
 -6.636705 
 -3.983714 
 -8.254137 
 -4.000042 
 -6.818172 
 -7.815747 
 -6.364527 
 -8.489244 
 -7.747832 
 -4.920224 
 -3.776207 
 -4.124220 
 -2.690524 
 -7.526684 
 -5.921358 
 -2.690524 
 -6.524398 
 -7.812810 
 -2.971185 
 -3.983714 
 -8.627873 
 -9.299951 
 -4.000042 
 -4.124220 
 -8.489244 
 -5.733952 
 -7.132038 
 -6.280311 
 -2.690524 
 -7.380728 
 -2.690524 
 -8.860824 
 -7.900184 
 -6.043990 
 -8.602047 
 -7.832720 
 -10.179807 
 -2.971185 
 -5.810458 
 -5.155690 
 -4.093542 
 -7.719981 
 -5.155690 
 -6.229314 
 -2.690524 
 -3.983714 
 -4.177079 
 -6.229314 
 -8.046614 
 -8.220814 
 -7.364163 
 -8.631448 
 -8.957678 
 -10.473064 
 -11.141018 
 -5.883401 
 -6.664562 
 -3.776207 
 -8.365104 
 -9.213817 
 -6.798592 
 -6.735877 
 -6.747510 
 -3.873321 
 -5.921358 
 -5.883401 
 -7.132038 
 -8.438817 
 -7.526684 
 -6.245533 
 -5.155690 
 -2.690524 
 -7.642937 
 -4.177079 
 -6.387014 
 -6.836128 
 -8.882041 
 -6.888636 
 -4.416106 
 -5.588506 
 -8.384776 
 -5.269191 
 -6.735877 
 -5.450235 
 -2.690524 
 -7.821875 
 -2.971185 
 -4.124220 
 -5.219459 
 -7.976836 
 -8.998983 
 -6.474934 
 -7.230643 
 -3.776207 
 -12.260196 
 -7.911258 
 -4.483270 
 -8.291229 
 -4.483270 
 -2.971185 
 -5.248596 
 -10.572976 
 -6.229314 
 -5.544352 
 -9.691177 
 -6.524398 
 -5.384710 
 -2.690524 
 -2.690524 
 -2.690524 
 -8.109671 
 -12.002611 
 -2.971185 
 -4.707765 
 -6.395039 
 -2.690524 
 -2.690524 
 -7.702992 
 -7.642937 
 -6.308194 
 -6.443083 
 -2.971185 
 -8.477160 
 -2.971185 
 -2.690524 
 -10.079979 
 -6.409367 
 -4.093542 
 -7.698641 
 -7.568263 
 -10.426654 
 -6.996012 
 -5.155690 
 -6.490371 
 -3.873321 
 -2.971185 
 -2.690524 

 -2.982881 
 -4.494482 
 -5.685278 
 -5.898487 
 -2.700212 
 -7.572287 
 -7.711476 
 -7.301092 
 -7.972655 
 -7.658075 
 -4.194219 
 -5.716252 
 -4.138509 
 -7.366382 
 -4.869980 
 -8.540292 
 -7.304954 
 -6.651175 
 -7.676111 
 -2.982881 
 -3.994360 
 -5.801538 
 -2.700212 
 -2.982881 
 -3.889112 
 -5.243734 
 -5.243734 
 -2.700212 
 -10.813507 
 -6.776178 
 -2.982881 
 -6.424157 
 -5.095193 
 -4.012942 
 -2.700212 
 -7.354982 
 -7.999109 
 -7.322175 
 -2.700212 
 -8.781984 
 -8.328291 
 -2.700212 
 -12.119474 
 -4.138509 
 -3.994360 
 -5.018206 
 -7.582733 
 -2.700212 
 -5.609481 
 -6.740310 
 -2.700212 
 -2.700212 
 -10.211818 
 -6.049116 
 -2.700212 
 -4.932895 
 -4.432853 
 -7.106888 
 -4.012942 
 -6.142658 
 -4.932895 
 -2.700212 
 -5.372401 
 -7.427928 
 -8.151535 
 -5.791010 
 -6.251709 
 -10.622450 
 -8.617978 
 -9.248985 
 -6.049116 
 -4.432853 
 -6.621103 
 -9.585382 
 -3.778869 
 -7.674406 
 -4.432853 
 -9.549500 
 -4.932895 
 -6.874734 
 -5.481498 
 -8.052627 
 -6.424157 
 -6.315704 
 -7.926259 
 -8.336857 
 -5.969528 
 -10.421295 
 -4.869980 
 -5.481498 
 -7.301092 
 -4.012942 
 -4.710427 
 -4.710427 
 -6.124464 
 -6.651175 
 -3.994360 
 -7.717578 
 -4.012942 
 -6.794229 
 -7.947716 
 -6.679736 
 -8.507750 
 -7.749429 
 -4.932895 
 -3.778869 
 -4.138509 
 -2.700212 
 -7.577555 
 -5.909905 
 -2.700212 
 -6.527591 
 -9.499718 
 -2.982881 
 -3.994360 
 -8.635705 
 -9.323074 
 -4.012942 
 -4.138509 
 -8.507750 
 -5.716252 
 -7.122587 
 -6.142030 
 -2.700212 
 -7.370611 
 -2.700212 
 -8.801362 
 -7.918148 
 -6.058357 
 -8.185732 
 -7.833662 
 -10.601486 
 -2.982881 
 -5.830445 
 -5.172092 
 -4.099343 
 -7.779811 
 -5.172092 
 -6.251709 
 -2.700212 
 -3.994360 
 -4.194219 
 -6.251709 
 -8.046460 
 -7.798704 
 -7.223487 
 -8.463552 
 -8.814067 
 -10.541192 
 -10.989955 
 -5.898487 
 -6.721396 
 -3.778869 
 -8.295800 
 -9.255092 
 -6.754860 
 -6.654309 
 -6.814835 
 -3.889112 
 -5.909905 
 -5.898487 
 -7.122587 
 -8.459682 
 -7.577555 
 -6.279895 
 -5.172092 
 -2.700212 
 -7.630857 
 -4.194219 
 -6.231124 
 -6.762597 
 -8.818541 
 -6.874734 
 -4.432853 
 -5.593588 
 -8.146866 
 -5.115538 
 -6.654309 
 -5.459631 
 -2.700212 
 -7.834474 
 -2.982881 
 -4.138509 
 -5.243734 
 -7.990493 
 -8.917415 
 -6.412688 
 -7.244782 
 -3.778869 
 -12.105657 
 -8.423929 
 -4.494482 
 -8.317427 
 -4.494482 
 -2.982881 
 -5.281005 
 -10.183992 
 -6.251709 
 -5.609481 
 -9.614787 
 -6.527591 
 -5.372401 
 -2.700212 
 -2.700212 
 -2.700212 
 -8.536547 
 -11.550931 
 -2.982881 
 -4.710427 
 -6.381201 
 -2.700212 
 -2.700212 
 -7.641165 
 -7.630857 
 -6.315704 
 -6.503240 
 -2.982881 
 -8.495065 
 -2.982881 
 -2.700212 
 -10.064529 
 -6.381129 
 -4.099343 
 -7.676111 
 -7.582733 
 -10.349766 
 -7.598595 
 -5.172092 
 -6.465869 
 -3.889112 
 -2.982881 
 -2.700212 

