   40    3
A               5
  12.202018    4.711868    6.553865 
  11.967659    5.152109    6.385576 
  11.565193    2.669095    5.279215 
  12.298555    2.400023    5.682171 
  12.233096    4.862493    6.948737 
B               5
  10.699226   -0.100006    2.573787 
  11.987788    2.002308    4.771338 
  10.177605    2.080484    2.990408 
   9.924603    1.466572    2.184258 
  10.152957    4.068722    3.735539 
BA              5
  12.265613    4.150606    3.941936 
  13.309040    5.032042    4.743297 
  11.995143    3.164126    2.506400 
  12.459767    1.962760    2.277930 
  13.660718    2.028638    4.790630 
C               5
  11.968899    5.174407    4.114220 
  12.857474    3.130198    4.698175 
  14.410602    2.274208    5.821855 
  14.106353    1.795178    5.258635 
  11.595342    4.785358    3.670932 
CA              5
   6.414184    4.316090    1.429233 
   4.982269    6.223481    0.233175 
   7.297514    5.535803    2.855831 
   7.526893    2.831598    1.679399 
   5.907386    4.840105    0.541320 
D               5
  11.250046    6.397706    0.734520 
  12.321199    5.317679    1.012520 
   9.984999    8.907741    0.224842 
  11.678377    4.234849    0.127902 
  11.102607    5.197919   -0.398905 
DA              5
   8.523146    1.884267    3.626905 
   7.264616    2.617255    2.348509 
   6.581119    3.347960    2.081218 
   7.744977    1.145721    1.877147 
   9.534062    0.941335    4.488263 
E               5
  16.342701    5.069316    4.101686 
  14.479291    8.390495    3.546539 
  16.106103    5.590498    3.911205 
  15.630649    5.252149    3.148251 
  15.004083    4.700203    2.252551 
EA              5
  14.654957    4.699559    3.483855 
  14.292270    7.010253    3.775600 
  15.235566    2.412238    3.083315 
  13.811731    6.948037    3.307053 
  14.476250    5.444861    4.018453 
F               5
  14.357574    5.354606    5.009626 
  14.164627    5.320183    5.104536 
  13.883648    7.792647    5.911813 
  15.779447    2.778286    4.863251 
  15.127276    2.952995    4.764273 
FA              5
  14.071757    7.437216    3.521536 
  13.572976    7.722769    3.030001 
  11.943891    7.323764    1.291438 
  12.390173    7.174427    1.399093 
  13.056637    6.165561    1.994785 
G               5
   8.082710    7.563171    0.429756 
   9.809296    5.581158    1.596844 
  10.698451    3.602437    1.515938 
   8.634007    5.966201    0.584762 
   9.164529    7.328539    1.610178 
GA              5
   9.927264    4.067614    0.914484 
   8.177933    3.769714   -1.044342 
   9.374463    4.257842    0.658762 
   9.300526    4.853052    0.521410 
   8.676990    5.510193    0.110898 
H               5
  11.004372    4.039490    1.982597 
  10.965477    5.297799    3.466477 
   9.223299    4.236378   -0.018967 
  11.917407    4.402416    3.551392 
  11.693900    2.006908    1.829970 
HA              5
  14.025435    4.992595    3.141422 
  17.000454    4.185756    6.283887 
  14.939636    5.306281    4.538791 
  15.778876    5.139497    5.601906 
  14.576810    6.425165    4.571187 
I               5
   9.367181    5.956862    1.340145 
  11.865585    3.089102    3.041126 
  10.483087    3.047461    1.420528 
  10.126711    4.019305    1.152209 
   9.239309    8.358511    2.245136 
IA              5
   8.768669    3.031499    0.688628 
   8.204167    5.732553    1.657129 
   8.743958    3.995818    0.831094 
   7.925376    7.209711    1.777828 
   7.781544    3.441618    0.204755 
J               5
   7.956118    4.534742    1.465226 
   7.704270    2.961970   -0.226087 
   6.636820    3.632503   -0.649301 
   5.814967    5.486954   -0.372606 
   7.052534    4.544770    0.290454 
JA              5
  11.062816    4.933423    4.905458 
  11.628029    2.520766    5.210309 
  12.489177    2.800372    6.019653 
  11.109254    4.794884    5.793182 
   9.007589    7.218634    4.349986 
K               5
  15.712081    6.215184    2.768872 
  15.753972    6.510267    2.968859 
  14.593169    8.445241    2.134097 
  15.706762    7.082695    3.130942 
  14.728768    8.508359    2.914528 
KA              5
   9.355221    3.126601   -0.801780 
   9.324364    2.539678   -0.534166 
   9.512286    4.321374   -0.067605 
   9.506859    7.336299    1.419577 
  10.700337    2.501186    0.727565 
L               5
  13.554082    2.679007    4.530089 
  13.687121    4.781711    4.775612 
  14.832668    3.849186    5.659987 
  12.020426    5.819898    3.587172 
  11.028820    6.074147    2.805033 
LA              5
   8.540221    4.950757    0.557837 
  10.964365    3.917885    2.907172 
   9.691021    4.694887    2.185543 
   9.507157    3.688407    0.763832 
   8.939671    6.411541    1.531690 
M               5
  11.456667    1.835868    1.524089 
  11.153556    5.248171    3.262758 
  10.485137    5.834339    2.408685 
  10.045447    8.119704    3.275934 
   9.956535    5.060211    1.578886 
MA              5
  11.941693    5.290484    5.432914 
  12.320640    2.100243    4.339390 
  13.426408    3.948794    6.871452 
  12.194280    5.909584    6.023203 
  13.422517    1.189786    5.288383 
N               5
   9.111745    6.236924    0.323872 
   7.942354    8.136674   -0.359857 
   9.991509    5.669397    0.942731 
   8.304298    5.381552   -0.748118 
  10.420616    7.330030    2.145807 
NA              5
  16.663007    7.578825    3.453432 
  16.117164    7.361208    2.666294 
  16.992714    6.178278    3.338799 
  17.197476    6.905468    3.756298 
  15.812789    8.284538    3.069059 
O               5
   9.484794    3.695533    1.495764 
  10.038036    2.630338    2.150200 
   9.660037    6.313870    2.639630 
   8.608651    5.468393    1.997578 
   8.790841    3.711751    1.209135 
OA              5
  15.816096    3.945017    6.652254 
  14.758351    4.983778    5.350158 
  13.766523    5.158337    4.141383 
  14.420182    5.711712    5.538265 
  13.970469    3.086897    4.024090 
P               5
  15.528373    8.247880    3.020578 
  15.834079    6.316380    2.478550 
  15.379800    8.392998    2.585763 
  18.272879    6.876135    5.516626 
  16.611563    5.155965    2.835796 
Q               5
  13.134738    5.903721    0.419151 
  12.442334    6.188002   -0.224802 
  13.840008    6.368242    1.920073 
  13.153304    6.174876    1.032170 
  14.564881    6.532041    2.824126 
R               5
  11.658358    0.774503    2.893250 
  10.109151    5.720261    3.811238 
  11.096950    4.368320    4.021738 
  11.090301    2.985877    3.399391 
  13.077956    1.892462    5.362190 
S               5
  13.677818    0.598026    5.483077 
  12.364228    1.926129    4.260678 
   9.724205    6.733123    3.087507 
  10.278483    4.606621    2.825360 
  13.777958    3.860815    6.903552 
T               5
  15.915459    6.947511    2.469624 
  14.688632    6.881238    1.168544 
  14.976220    7.803473    2.030941 
  15.994694    5.738039    2.173350 
  17.197528    6.718411    3.956568 
U               5
  11.623920    5.956985    3.095045 
  12.010723    3.293718    2.040092 
  12.143596    4.384352    3.155406 
  11.562680    4.730056    2.166427 
  11.098829    4.633443    1.792943 
V               5
  14.271578    2.261092    6.179648 
  13.250965    3.376920    5.770625 
  11.707284    3.143738    3.655908 
  13.866650    1.071196    4.864576 
  13.096476    4.546958    5.786929 
W               5
   8.427780    3.785734    2.965036 
   9.816536    4.228085    4.387471 
  10.192565    2.639669    3.788837 
   8.314636    5.544381    3.061993 
   9.480278    4.213946    3.480371 
X               5
  12.403084    8.988913    1.984304 
  14.600938    5.188048    2.735904 
  15.278036    4.718681    3.192837 
  13.806855    4.704956    0.780687 
  14.792968    6.311293    3.086327 
Y               5
  11.264225    8.994898    0.656141 
  12.108348    7.202715    0.556169 
  12.779337    7.514490    1.833572 
  12.328807    6.951673    0.806333 
  12.782679    3.653349   -0.103907 
Z               5
  14.616614    3.731830    5.212193 
  12.095482    5.578347    2.929172 
  11.900387    7.084150    3.571181 
  12.561888    4.529816    3.166361 
  12.122936    3.903788    2.408054 
